2100
2015
1899
1782
1641
1499
1354
1217
1094
992
915
845
826
820
858
918
2156
2100
2017
1905
1782
1642
1501
1358
1217
1097
988
907
845
818
823
851
917
1004
1104
1235
1370
1517
1656
1792
1913
2019
2103
2161
2187
2188
2158
2102
2006
1896
1782
1646
1509
1358
1216
1103
996
914
848
811
819
848
912
1000
1109
1237
1370
1514
1659
1793
1912
2020
2106
2157
2182
2185
2153
2102
2005
1901
1776
1643
1504
1355
1217
1093
989
906
851
820
819
854
917
1005
1109
1232
1369
1516
1653
1793
1910
2015
2116
2163
2191
2190
2156
2098
2010
1906
1783
1646
1499
1356
1218
1097
991
906
850
822
824
853
915
1003
1105
1233
1371
1515
1649
1792
1917
2026
2106
2164
2190
2187
2156
2099
2010
1907
1781
1648
1503
1358
1222
1105
989
910
848
819
823
853
912
999
1111
1235
1374
1515
1657
1782
1922
2015
2106
2153
2185
2188
2156
2099
2010
1904
1778
1642
1497
1360
1222
1099
990
907
844
815
817
853
912
998
1114
1235
1370
1511
1655
1787
1915
2022
2109
2163
2193
2189
2159
2104
2021
1900
1779
1643
1501
1355
1220
1099
994
913
852
825
827
854
913
994
1102
1228
1370
1514
1658
1795
1919
2025
2110
2156
2190
2183
2157
2102
2011
1907
1779
1644
1497
1365
1226
1096
991
911
850
826
826
858
919
997
1103
1224
1368
1515
1654
1788
1913
2016
2106
2154
2188
2181
2155
2101
2013
1904
1780
1642
1505
1360
1215
1092
995
913
850
820
816
848
911
996
1106
1229
1368
1516
1654
1789
1909
2020
2107
2158
2198
2186
2159
2100
2012
1906
1781
1646
1506
1361
1225
1104
986
910
849
825
819
852
915
1000
1106
1233
1367
1513
1658
1794
1911
2021
2108
2160
2194
2187
2156
2101
2013
1914
1781
1644
1506
1358
1228
1095
991
909
848
822
821
853
914
997
1108
1239
1370
1512
1648
1796
1912
2021
2104
2156
2190
2189
2153
2102
2012
1904
1780
1645
1494
1362
1222
1100
992
904
850
822
821
852
913
998
1106
1232
1368
1509
1655
1790
1916
2021
2102
2157
2189
2187
2157
2102
2012
1905
1781
1639
1501
1360
1228
1096
995
916
853
825
824
854
909
993
1104
1231
1370
1514
1652
1791
1911
2020
2105
2162
2190
2189
2155
2103
2013
1911
1784
1645
1510
1366
1224
1098
993
910
849
821
825
849
915
995
1105
1224
1366
1510
1654
1785
1909
2017
2104
2159
2185
2187
2153
2098
2012
1903
1767
1643
1502
1362
1218
1097
993
908
850
823
823
850
915
997
1106
1226
1365
1511
1651
1789
1911
2016
2106
2158
2186
2184
2154
2105
2014
1910
1780
1646
1507
1364
1224
1099
975
913
854
825
825
853
916
999
1106
1229
1365
1501
1655
1788
1917
2017
2109
2161
2183
2183
2156
2102
2016
1909
1788
1646
1507
1364
1221
1097
990
909
852
825
822
851
911
997
1104
1228
1364
1510
1653
1785
1908
2014
2103
2156
2188
2187
2155
2091
2012
1903
1781
1645
1506
1362
1226
1099
991
912
850
825
819
855
914
998
1104
1225
1363
1507
1649
1795
1908
2014
2103
2156
2191
2186
2158
2102
2017
1908
1788
1647
1510
1361
1226
1102
994
912
851
825
823
853
911
1003
1102
1228
1361
1513
1653
1781
1898
2026
2118
2152
2191
2188
2157
2099
2014
1907
1784
1646
1507
1359
1224
1097
994
926
855
827
820
838
908
995
1104
1227
1361
1508
1631
1787
1903
2029
2102
2156
2184
2193
2160
2105
2016
1910
1783
1647
1508
1359
1228
1099
995
910
851
822
823
849
914
997
1104
1228
1364
1513
1653
1789
1907
2014
2102
2158
2188
2189
2161
2105
2017
1911
1783
1647
1510
1366
1230
1097
1001
910
855
823
825
853
915
996
1104
1225
1364
1509
1649
1785
1903
2020
2102
2158
2187
2188
2158
2104
2015
1912
1783
1658
1507
1358
1223
1095
1002
910
853
820
820
848
912
992
1102
1225
1363
1509
1645
1786
1905
2012
2093
2155
2186
2189
2154
2105
2013
1911
1783
1650
1509
1362
1228
1099
995
913
851
822
821
851
913
992
1106
1227
1361
1507
1650
1786
1909
2017
2100
2158
2192
2191
2157
2106
2014
1910
1785
1652
1508
1368
1228
1103
995
914
853
822
824
854
915
994
1102
1224
1358
1504
1647
1786
1904
2007
2099
2155
2193
2190
2157
2103
2020
1911
1785
1651
1506
1363
1224
1100
992
913
858
826
820
847
906
989
1102
1222
1362
1509
1648
1794
1904
2004
2090
2155
2190
2187
2159
2105
2013
1910
1789
1652
1507
1367
1228
1102
992
914
852
821
820
848
908
993
1102
1225
1362
1507
1647
1785
1909
2008
2106
2166
2196
2189
2158
2104
2016
1910
1787
1655
1511
1366
1227
1100
994
914
852
828
823
851
912
1001
1105
1223
1362
1510
1648
1785
1908
2014
2103
2162
2191
2190
2160
2106
2017
1907
1785
1647
1508
1363
1234
1102
1002
913
851
823
823
851
913
991
1101
1230
1362
1493
1647
1781
1906
2010
2098
2157
2188
2185
2159
2100
2019
1910
1787
1648
1509
1365
1230
1101
992
903
856
828
824
851
911
997
1101
1227
1361
1505
1647
1783
1901
2013
2101
2158
2191
2189
2159
2103
2021
1914
1790
1650
1514
1366
1232
1103
995
915
855
824
822
853
912
993
1103
1226
1359
1506
1643
1785
1909
2013
2101
2157
2187
2190
2155
2105
2019
1909
1788
1649
1508
1361
1232
1104
995
910
851
820
821
843
907
991
1095
1222
1359
1502
1644
1791
1903
2007
2090
2147
2187
2190
2159
2105
2022
1913
1786
1652
1513
1368
1231
1100
999
910
850
824
826
853
908
991
1102
1225
1359
1507
1649
1786
1907
2013
2104
2169
2188
2189
2157
2107
2019
1913
1789
1655
1512
1371
1232
1104
998
913
851
823
820
849
912
994
1101
1223
1362
1504
1645
1781
1906
2013
2102
2160
2189
2186
2156
2102
2018
1912
1785
1652
1509
1368
1230
1103
997
915
851
820
818
856
906
989
1099
1221
1359
1498
1649
1782
1907
2012
2094
2149
2187
2191
2157
2104
2004
1911
1786
1652
1513
1371
1232
1106
999
926
851
825
822
850
911
994
1101
1221
1356
1506
1650
1784
1909
2010
2104
2153
2189
2182
2159
2107
2022
1917
1791
1655
1512
1370
1229
1110
1001
916
863
835
821
849
907
990
1100
1219
