596
591
590
573
588
595
604
592
594
596
598
594
593
581
589
588
589
568
587
581
589
593
591
598
586
605
579
591
587
587
591
587
587
590
586
591
585
587
592
588
595
583
587
603
591
594
596
588
591
588
594
585
588
587
587
591
594
596
599
595
594
588
591
586
586
593
586
595
592
587
595
588
593
590
591
594
590
593
593
587
595
590
590
590
587
599
591
595
588
593
595
590
591
590
582
590
589
587
595
589
600
586
586
593
590
590
595
588
591
595
601
589
587
585
586
595
592
590
588
586
594
587
588
593
585
595
583
589
587
588
583
591
596
594
588
594
589
590
586
587
595
584
594
591
586
593
589
593
589
587
596
587
590
591
584
596
586
592
588
590
596
588
589
601
587
592
583
591
593
588
597
588
596
593
589
594
589
588
588
588
594
586
587
589
589
590
589
593
586
588
592
587
597
594
587
592
591
591
590
587
596
582
591
587
997
1289
1543
1760
1939
2087
2238
2325
2427
2498
2569
2625
2665
2709
2738
2765
2796
2813
2831
2833
2395
2128
1882
1680
1505
1360
1244
1130
1030
948
919
888
835
803
776
755
742
693
676
656
631
624
610
609
612
605
615
612
611
614
614
614
611
614
599
598
599
589
587
583
584
589
588
592
598
610
622
625
604
570
557
565
572
596
603
614
613
601
589
585
582
593
581
582
580
585
596
599
604
607
587
581
573
582
583
590
605
601
603
597
591
585
572
584
589
589
601
596
597
594
588
590
582
588
591
591
596
594
596
596
591
597
588
590
588
585
590
592
594
591
595
594
592
590
588
584
594
590
603
589
590
595
592
594
589
587
590
587
590
593
594
599
591
595
588
585
594
589
593
591
589
598
591
591
590
581
595
586
596
590
573
592
584
589
589
588
594
588
596
593
587
593
588
592
591
584
595
591
602
593
589
594
593
593
594
588
598
589
596
588
578
591
588
593
593
585
592
591
592
593
588
594
590
593
591
594
591
592
593
593
588
595
589
592
591
591
596
592
596
590
591
593
591
592
591
587
595
590
594
591
590
594
584
584
592
592
597
589
592
595
587
596
587
596
592
588
595
590
591
590
587
592
589
590
590
585
593
589
594
590
589
591
590
590
590
586
586
590
592
590
587
593
587
594
594
594
592
587
593
590
590
592
590
593
593
583
604
590
595
589
590
591
591
592
594
590
597
588
592
590
584
593
588
596
594
591
593
591
594
593
590
595
590
594
593
589
593
589
593
596
595
594
590
589
594
586
594
586
591
592
589
591
587
589
590
598
600
594
591
591
577
588
582
591
592
591
593
589
591
587
588
594
600
587
595
589
593
586
595
587
589
593
588
592
590
588
594
582
594
592
584
592
586
597
589
587
585
597
592
595
588
596
595
588
591
587
595
589
592
591
590
594
589
590
596
590
596
589
594
593
589
596
592
591
586
585
591
589
593
595
590
600
584
593
590
587
591
589
594
593
589
590
588
591
591
586
592
587
592
590
588
590
586
589
605
589
593
591
577
598
598
596
590
593
589
583
593
588
604
587
584
593
587
591
591
585
596
586
591
592
591
591
591
594
590
586
593
590
587
598
589
597
588
594
589
587
603
592
582
588
582
596
581
590
594
575
592
588
594
592
588
608
597
594
585
565
591
588
590
595
587
595
591
590
590
589
588
587
590
590
588
592
588
593
588
585
593
589
594
590
587
591
589
590
586
586
597
583
594
586
587
592
590
590
593
587
592
589
590
591
585
596
589
591
593
591
594
589
590
594
591
585
589
588
595
586
595
589
592
592
589
592
592
590
593
594
596
591
590
591
588
593
587
594
591
584
590
589
590
593
587
595
582
586
587
587
592
586
592
591
588
592
588
586
590
584
593
585
592
589
585
591
588
592
590
586
593
589
588
593
585
593
583
587
598
586
595
579
583
592
595
598
592
592
595
588
594
584
594
590
587
596
592
593
589
587
591
590
589
593
585
594
588
595
592
592
591
592
591
598
584
595
590
589
592
583
604
591
593
588
587
593
590
593
592
584
593
591
591
582
595
601
586
604
592
586
590
584
586
595
585
596
586
589
591
587
594
597
590
593
585
591
587
586
591
588
598
587
591
595
586
585
586
594
591
588
593
588
587
594
592
595
590
594
592
587
594
587
596
588
592
591
591
593
587
583
595
587
594
598
593
598
589
588
589
588
591
585
595
597
590
596
590
594
589
588
596
589
591
591
588
595
588
589
594
590
605
579
589
586
584
593
579
592
591
587
598
590
589
587
596
600
591
591
591
587
591
588
590
591
585
592
586
591
590
587
595
589
591
589
587
590
587
575
590
588
599
588
594
593
593
591
588
590
591
590
596
591
590
592
585
598
586
593
590
591
595
588
594
592
593
596
588
591
589
586
597
590
595
593
590
594
593
594
593
591
596
591
591
591
584
597
584
590
600
591
600
590
588
594
587
593
590
590
592
583
594
584
590
590
593
595
591
589
590
588
592
605
595
594
585
589
583
588
588
591
596
600
593
594
588
592
591
590
590
589
593
585
591
592
590
594
592
594
594
588
593
591
602
604
586
595
