4739238
4740638
4732721
4737431
4740864
4739740
4741528
4741371
4740544
4743683
4741766
4741916
4741369
4741059
4740658
4743963
4741072
4736596
4740403
4737887
4739742
4739965
4737790
4737393
4739438
4737161
4739276
4740082
4738925
4742094
4738347
4738870
4739199
4740110
4739776
4741419
4742045
4741024
4742372
4740114
4741039
4740554
4741134
4742164
4740098
4740864
4741410
4740293
4741602
4741991
4740920
4743009
4742123
4739517
4741731
4739507
4741723
4739557
4736030
4743195
4740506
4740145
4742716
4738399
4740828
4740281
4741506
4742458
4745055
4740946
4742090
4744974
4740935
4739682
4742899
4740649
4741615
4742527
4741825
4742516
4741136
4742366
4741981
4743595
4743995
4741293
4742352
4742902
4742438
4742781
4742771
4742793
4743278
4742725
4740577
4743231
4741249
4740248
4739663
4742126
4739505
4742788
4741603
4741771
4742693
4741492
4742148
4743036
4740240
4744910
4741130
4740378
4741025
4741182
4741825
4741246
4743170
4743648
4742210
4741433
4743060
4741981
4740481
4743225
4743110
4741637
4742317
4743395
4741501
4744279
4741018
4744491
4742442
4740838
4742163
4740238
4741572
4743872
4740285
4741775
4740370
4740814
4742061
4743999
4740105
4739993
4742497
4740123
4742645
4744487
4739771
4742997
4744514
4739603
4740380
4741507
4741861
4741427
4742208
4742927
4742501
4740923
4741815
4742656
4744121
4740409
4742083
4742544
4743616
4743174
4745159
4742382
4741093
4743499
4742198
4739748
4741495
4741353
4741614
4743134
4741855
4742093
4743121
4741277
4743731
4737938
4741261
4741875
4741446
4743406
4741310
4740141
4743456
4740197
4741542
4745733
4742650
4742173
4743543
4742555
4740862
4742228
4741523
5488415
8343417
10735150
12748302
14423407
15830540
17024498
18020614
18855042
19558612
20150093
20646658
21070939
21422087
21723707
21973661
22183271
22365847
22513386
22635912
21644007
18803379
16568315
14690010
13105086
11772711
10656160
9718156
8928334
8265503
7707194
7236364
6844379
6520806
6246877
6008190
5810243
5644307
5503851
5384216
5285234
5201404
5132782
5073137
5020707
4979792
4943814
4912134
4886612
4864128
4846806
4833565
4816456
4807412
4798033
4787979
4782365
4778592
4773836
4769264
4766797
4762756
4761842
4758807
4757032
4754518
4755942
4753211
4751330
4749284
4749538
4750496
4747382
4747456
4748788
4747995
4748383
4745478
4749217
4745684
4743253
4745459
4745714
4744212
4744641
4742124
4743208
4742695
4744524
4745114
4744567
4746258
4743947
4743597
4744297
4742471
4743298
4741961
4742940
4744657
4743355
4743423
4742317
4741936
4742478
4742157
4742582
4743651
4743065
4743368
4741545
4743011
4741267
4742643
4741475
4743288
4742993
4741991
4739693
4742294
4741588
4743020
4741385
4742914
4742513
4741552
4740911
4742098
4741994
4741783
4740714
4741652
4741941
4742116
4740911
4741627
4742349
4741001
4741684
4741576
4742403
4742362
4739820
4741023
4742196
4741059
4741611
4740805
4741929
4742225
4739977
4740469
4742681
4742013
4742363
4740717
4742082
4741118
4741273
4739692
4741361
4741661
4740757
4740703
4741617
4740489
4741404
4738977
4741132
4742451
4741378
4740298
4741456
4741168
4740859
4738978
4741526
4741650
4740790
4740840
4739843
4740932
4740635
4739820
4739049
4739810
4739205
4739044
4740234
4741623
4740896
4741161
4739862
4741388
4740937
4739391
4739696
4740012
4739242
4740112
4738560
4740011
4740321
4739709
4739162
4740502
4740000
4740710
4739346
4739553
4739607
4739871
4738159
4741563
4740253
4740191
4739738
4739490
4740746
4739632
4737271
4740053
4739971
4739913
4739686
4740098
4741016
4739869
4738595
4739984
4740189
4739869
4739775
4740010
4741137
4740474
4738997
4737890
4739989
4738708
4738848
4738829
4739089
4739913
4740810
4738261
4741300
4740127
4739630
4740485
4740219
4739713
4740019
4737559
4740489
4739433
4738928
4737672
4739207
4738980
4738661
4738783
4738474
4739934
4739769
4738254
4740079
4739537
4739840
4739331
4738980
4740386
4738308
4737053
4738735
4738892
4738001
4737482
4738007
4740128
4739216
4738409
4737267
4738671
4739121
4739462
4739546
4739280
4738909
4738420
4737470
4739429
4737093
4738738
4738932
4739178
4739246
4737621
4736865
4740046
4738921
4739276
4738565
4739049
4739631
4738400
4737213
4737905
4738831
4738430
4737926
4739341
4738039
4738034
4737896
4739440
4740450
4737991
4738446
4739301
4738518
4739707
4738246
4738210
4740097
4738830
4738421
4738103
4739059
4739038
4738611
4738781
4738580
4738172
4737929
4737299
4738723
4737658
4738589
4737645
4740009
4740022
4739556
4738115
4738498
4737764
4739188
4736638
4738312
4738706
4737516
4738493
4738847
4737871
4737541
4736952
4738834
4739255
4738779
4737064
4738370
4739130
4737179
4737321
4738368
4737775
4738119
4736919
4737708
4738566
4736475
4737376
4736978
4739006
4738872
4737952
4737882
4738815
4737763
4738753
4736734
4737915
4736655
4737742
4736503
4738803
4738240
4737737
4737079
4738406
4736986
4739121
4737196
4739962
4738988
4737151
4737185
4737480
4737141
4737828
4736050
4738215
4738593
4737619
4738129
4738447
4738862
4738032
4737808
4737963
4739463
4739813
4737763
4737717
4736926
4736611
4737555
4737085
4738659
4738198
4737336
4738023
4739550
4738407
4738828
4737043
4738473
4738150
4738453
4738078
4738490
4737663
4737013
4736271
4737393
4736731
4737974
4735756
4738235
4737806
4738469
4738368
4738532
4738899
4738405
4736325
4738173
4736412
4736421
4737565
4736672
4739154
4738251
4737016
4737202
4738191
4736995
4736820
4736867
4738048
4737770
4737627
4737489
4738848
4736637
4735983
4737725
4737421
4738292
4737878
4735807
4738633
4737286
4738096
4737296
4738559
4738395
4738328
4735674
4736895
4736167
4738030
4736946
4739070
4738181
4738055
4736445
4736501
4738251
4738580
4737092
4739211
4737883
4738470
4737156
4737054
4739644
4737543
4737294
4738457
4737783
4737175
4737042
4736429
4738261
4736820
4738368
4737944
4738898
4737688
4738499
4737764
4738224
4738308
4738478
4736717
4739119
4737738
4737416
4737299
4737147
4738041
4738018
4736068
4738238
4737101
4737586
4736995
4739182
4739130
4738289
4737171
4738123
4737310
4736708
4736560
4738584
4737845
4737452
4735767
4736687
4737876
4735766
4737057
4737826
4737835
4739149
4736680
4736800
4738724
4737034
4737821
4737029
4738826
4737794
4737005
4735709
4737892
4736668
4736839
4737297
4738927
4737126
4738276
4736532
4737687
4738077
4737077
4737981
4739245
4737731
4739032
4736837
4737044
4737290
4736632
4737353
4738717
4739286
4738529
4736441
4737993
4738082
4738397
4737067
4738389
4739226
4738319
4737788
4737728
4737229
4737351
4737094
4738083
4738736
4736971
4737837
4736602
4737834
4738552
4736837
4736866
4739240
4738160
4739522
4736671
4737879
4737492
4738274
4737132
4738769
4737956
4737518
4736941
4738127
4736763
4737575
4735695
4736899
4737293
4737614
4737964
4738386
4737732
4738683
4737245
4738173
4737774
4737701
4736523
4737153
4738279
4737536
4736003
4735984
4736025
4736900
4736242
4737360
4738849
4738380
4738785
4736812
4739547
4738904
4736870
4736874
4737538
4736896
4737869
4736101
4738198
4736443
4736694
4737022
4738035
4737841
4738619
4736781
4738427
4737509
4738638
4736013
4739278
4738481
4738212
4738205
4737463
4737493
4738037
4735698
4738015
4738480
4737857
4738460
4737175
4737971
4738953
4737528
4737411
4737552
4737306
4737888
4738338
4739064
4739154
4738291
4737067
4738150
4738367
4737453
4737009
4737652
4737696
4737810
4736206
4739370
4737311
4737639
4737389
4738522
4738489
4738549
4736925
4738830
4737663
4737718
4736985
4738194
4737220
4737901
4736752
4736837
4737734
4737942
4737472
4739524
4737606
4738110
4737903
4736380
4737981
4736877
4736664
4738021
4738030
4739339
4737304
4737242
4738570
4737415
4736390
4736768
4738578
4737858
4737857
4738562
4737549
4737899
4737280
4736210
4738717
4737286
4738279
4737559
4737673
4738813
4738405
4736151
4738351
4736728
4737931
4737911
4738076
4738654
4738895
4737644
4738879
4738316
4737334
4737850
4739448
4738259
4739009
4737541
4738374
4738935
4736989
4737862
4738112
4737767
4738508
4738362
4738532
4739540
4737315
4737462
4737474
4738147
4739898
4739053
4737813
4738438
4738243
4737866
4737765
4739597
4738238
4738292
4736866
4737806
4738096
4736632
4735926
4737709
4737166
4739691
4737465
4738582
4739409
4738262
4737672
4738332
4737707
4738491
4737684
4738507
4737438
4736466
4736047
4736386
4738175
4737066
4737409
4737650
4738604
4739560
4738127
4739166
4740246
4737409
4737893
4736565
4737037
4737542
4736619
4736964
4739169
4738182
4739203
4736886
4738081
4737804
4737362
4737365
4739249
4739110
4737922
4737754
4738459
4737701
4739230
4736555
4739600
4739087
4737610
4737709
4738510
4737889
4738367
4737136
4739110
4738815
4738285
4738344
4738025
4738738
4737708
4737716
4737719
4740126
4739546
4737576
4738976
4739252
4737380
4738119
4736316
4738342
4739028
4738381
4739116
4738956
4738288
4738914
4736166
4738474
4737856
4736660
4736858
4738203
4738409
4739110
4738320
4738717
4737795
4738633
4736454
4738510
4737165
4738226
4738659
4737925
4738133
4739010
4735914
4738062
4737452
4737651
4738538
4738083
4738546
4738333
4737744
4737976
4737952
4738158
4738180
4737310
4737672
4738436
4738684
4736980